1 0.34975961538461536 0.5072115384615384 0.052884615384615384 0.14903846153846154
1 0.29927884615384615 0.6153846153846154 0.1346153846153846 0.08173076923076923
1 0.265625 0.5144230769230769 0.055288461538461536 0.13221153846153846
1 0.6694711538461539 0.5576923076923077 0.06009615384615385 0.15625
1 0.5252403846153846 0.6165865384615384 0.125 0.06009615384615385
1 0.41225961538461536 0.6201923076923077 0.10336538461538461 0.06009615384615385
1 0.39783653846153844 0.5324519230769231 0.04326923076923077 0.12740384615384615
1 0.31009615384615385 0.5048076923076923 0.052884615384615384 0.13701923076923078
0 0.6045673076923077 0.5300480769230769 0.057692307692307696 0.19471153846153846
1 0.5649038461538461 0.5276442307692307 0.05048076923076923 0.14903846153846154
1 0.5216346153846154 0.5024038461538461 0.04567307692307692 0.15625
1 0.4807692307692308 0.5060096153846154 0.04567307692307692 0.16105769230769232
1 0.4387019230769231 0.5120192307692307 0.038461538461538464 0.13701923076923078