1 0.35216346153846156 0.29447115384615385 0.10096153846153846 0.14903846153846154
1 0.8341346153846154 0.6081730769230769 0.10336538461538461 0.1201923076923077
1 0.6959134615384616 0.39663461538461536 0.14182692307692307 0.18509615384615385
1 0.734375 0.5360576923076923 0.17307692307692307 0.23317307692307693
0 0.34975961538461536 0.1658653846153846 0.38221153846153844 0.3317307692307692
0 0.7379807692307693 0.7728365384615384 0.23557692307692307 0.36778846153846156
1 0.6466346153846154 0.7043269230769231 0.1778846153846154 0.25240384615384615
1 0.7980769230769231 0.44350961538461536 0.12740384615384615 0.12980769230769232
1 0.3016826923076923 0.2800480769230769 0.0673076923076923 0.09134615384615384
1 0.38100961538461536 0.24879807692307693 0.09375 0.13221153846153846
1 0.4411057692307692 0.2548076923076923 0.0985576923076923 0.14903846153846154
1 0.46274038461538464 0.30288461538461536 0.11538461538461539 0.16826923076923078
1 0.5384615384615384 0.35216346153846156 0.1346153846153846 0.18269230769230768