2 0.15144230769230768 0.5024038461538461 0.2548076923076923 0.375
2 0.5084134615384616 0.5072115384615384 0.09615384615384616 0.5168269230769231
2 0.7692307692307693 0.5432692307692307 0.21875 0.17307692307692307
2 0.6334134615384616 0.5913461538461539 0.1658653846153846 0.34375
2 0.3401442307692308 0.6310096153846154 0.09615384615384616 0.5408653846153846
2 0.8713942307692307 0.7944711538461539 0.14182692307692307 0.4110576923076923
2 0.4254807692307692 0.8774038461538461 0.2283653846153846 0.21634615384615385
2 0.18389423076923078 0.9170673076923077 0.24759615384615385 0.15865384615384615
2 0.4735576923076923 0.14543269230769232 0.21394230769230768 0.23798076923076922
2 0.12379807692307693 0.15745192307692307 0.2403846153846154 0.24278846153846154
2 0.2764423076923077 0.19110576923076922 0.10817307692307693 0.29086538461538464
2 0.6502403846153846 0.19471153846153846 0.14903846153846154 0.1875
2 0.7764423076923077 0.2932692307692308 0.15384615384615385 0.21875
2 0.8930288461538461 0.29927884615384615 0.09375 0.24278846153846154