3 0.5288461538461539 0.4639423076923077 0.09134615384615384 0.11298076923076923
0 0.7740384615384616 0.7788461538461539 0.2980769230769231 0.4423076923076923
0 0.32211538461538464 0.5144230769230769 0.06971153846153846 0.0985576923076923
0 0.47716346153846156 0.5420673076923077 0.10576923076923077 0.1466346153846154
0 0.5252403846153846 0.5793269230769231 0.14182692307692307 0.24519230769230768
0 0.3581730769230769 0.7824519230769231 0.28846153846153844 0.3485576923076923
0 0.5024038461538461 0.20793269230769232 0.19471153846153846 0.24278846153846154
3 0.4423076923076923 0.4807692307692308 0.17548076923076922 0.27163461538461536
0 0.5204326923076923 0.3088942307692308 0.16826923076923078 0.20192307692307693
0 0.5877403846153846 0.3329326923076923 0.20432692307692307 0.25721153846153844
0 0.4170673076923077 0.35096153846153844 0.12259615384615384 0.1778846153846154
3 0.18028846153846154 0.8040865384615384 0.0673076923076923 0.09375