2 0.11298076923076923 0.2283653846153846 0.09375 0.13942307692307693
1 0.7451923076923077 0.2548076923076923 0.22115384615384615 0.20673076923076922
1 0.5096153846153846 0.3161057692307692 0.23798076923076922 0.1971153846153846
2 0.24519230769230768 0.3317307692307692 0.16105769230769232 0.43028846153846156
1 0.7175480769230769 0.40384615384615385 0.20432692307692307 0.2620192307692308
1 0.3713942307692308 0.4098557692307692 0.10817307692307693 0.11057692307692307
1 0.11177884615384616 0.41947115384615385 0.15144230769230768 0.24759615384615385
1 0.8581730769230769 0.4807692307692308 0.11298076923076923 0.27884615384615385
1 0.5564903846153846 0.5612980769230769 0.22596153846153846 0.32211538461538464
2 0.18028846153846154 0.65625 0.24759615384615385 0.20192307692307693
1 0.8473557692307693 0.7367788461538461 0.16346153846153846 0.18028846153846154
2 0.24639423076923078 0.7608173076923077 0.4182692307692308 0.25721153846153844
1 0.7415865384615384 0.7716346153846154 0.16105769230769232 0.31971153846153844
1 0.5336538461538461 0.8161057692307693 0.15865384615384615 0.16826923076923078
1 0.38100961538461536 0.8317307692307693 0.125 0.13701923076923078
1 0.8774038461538461 0.8774038461538461 0.12980769230769232 0.15625
2 0.4675480769230769 0.20072115384615385 0.3485576923076923 0.16346153846153846