2 0.39783653846153844 0.1658653846153846 0.11538461538461539 0.3317307692307692
2 0.48677884615384615 0.1935096153846154 0.10576923076923077 0.3173076923076923
2 0.5637019230769231 0.2127403846153846 0.07211538461538461 0.2692307692307692
2 0.6382211538461539 0.23557692307692307 0.08413461538461539 0.2403846153846154
2 0.6875 0.2644230769230769 0.028846153846153848 0.21634615384615385
2 0.7355769230769231 0.32572115384615385 0.0625 0.6298076923076923
2 0.5637019230769231 0.040865384615384616 0.06490384615384616 0.08173076923076923
2 0.6454326923076923 0.47115384615384615 0.07932692307692307 0.24759615384615385
2 0.12139423076923077 0.4735576923076923 0.17548076923076922 0.5144230769230769
2 0.28125 0.4735576923076923 0.12740384615384615 0.43509615384615385
2 0.5673076923076923 0.47475961538461536 0.0889423076923077 0.2692307692307692
2 0.3954326923076923 0.47596153846153844 0.12740384615384615 0.31971153846153844
2 0.49158653846153844 0.4951923076923077 0.07451923076923077 0.32211538461538464
2 0.6298076923076923 0.6418269230769231 0.06971153846153846 0.11778846153846154
2 0.6298076923076923 0.06610576923076923 0.07451923076923077 0.125
2 0.5528846153846154 0.7319711538461539 0.06009615384615385 0.25721153846153844
2 0.6826923076923077 0.07572115384615384 0.040865384615384616 0.1466346153846154
2 0.47836538461538464 0.7764423076923077 0.0889423076923077 0.28125
2 0.39302884615384615 0.8149038461538461 0.10576923076923077 0.34615384615384615
2 0.265625 0.8413461538461539 0.13701923076923078 0.3173076923076923
2 0.12740384615384615 0.109375 0.17307692307692307 0.21875