2 0.46033653846153844 0.35697115384615385 0.11298076923076923 0.06971153846153846
2 0.6430288461538461 0.3870192307692308 0.15865384615384615 0.0985576923076923
2 0.5084134615384616 0.4014423076923077 0.10336538461538461 0.08173076923076923
2 0.10336538461538461 0.4423076923076923 0.08413461538461539 0.16826923076923078
2 0.29447115384615385 0.5108173076923077 0.2764423076923077 0.34615384615384615
2 0.7728365384615384 0.5408653846153846 0.15384615384615385 0.17307692307692307
2 0.9795673076923077 0.5408653846153846 0.040865384615384616 0.09134615384615384
2 0.6814903846153846 0.5600961538461539 0.1971153846153846 0.21153846153846154
2 0.5108173076923077 0.5661057692307693 0.17548076923076922 0.18509615384615385
2 0.9375 0.6021634615384616 0.125 0.13942307692307693
2 0.12379807692307693 0.6382211538461539 0.22355769230769232 0.2668269230769231
2 0.7259615384615384 0.7223557692307693 0.21875 0.15384615384615385
2 0.3245192307692308 0.7524038461538461 0.15865384615384615 0.16346153846153846
2 0.21995192307692307 0.8257211538461539 0.25240384615384615 0.24759615384615385
2 0.140625 0.30408653846153844 0.1658653846153846 0.09375