0 0.5216346153846154 0.43028846153846156 0.22355769230769232 0.2860576923076923
0 0.4266826923076923 0.5745192307692307 0.3173076923076923 0.2956730769230769
0 0.203125 0.6081730769230769 0.24759615384615385 0.3173076923076923
1 0.9038461538461539 0.8329326923076923 0.07451923076923077 0.09134615384615384
1 0.8713942307692307 0.7596153846153846 0.10336538461538461 0.13942307692307693
1 0.8497596153846154 0.5817307692307693 0.11057692307692307 0.16105769230769232
1 0.8401442307692307 0.43990384615384615 0.1466346153846154 0.20192307692307693
1 0.7403846153846154 0.3088942307692308 0.15144230769230768 0.15865384615384615
1 0.3485576923076923 0.42908653846153844 0.14182692307692307 0.18509615384615385
0 0.7776442307692307 0.5048076923076923 0.10576923076923077 0.14423076923076922
0 0.6514423076923077 0.4411057692307692 0.22596153846153846 0.25721153846153844
0 0.052884615384615384 0.3858173076923077 0.10576923076923077 0.3485576923076923
0 0.7632211538461539 0.859375 0.23076923076923078 0.19471153846153846
0 0.6550480769230769 0.6694711538461539 0.25 0.3076923076923077
0 0.3581730769230769 0.7920673076923077 0.31971153846153844 0.34375
0 0.32572115384615385 0.9411057692307693 0.19471153846153846 0.11778846153846154
0 0.2512019230769231 0.9014423076923077 0.21394230769230768 0.1971153846153846
0 0.3473557692307692 0.5973557692307693 0.19951923076923078 0.34615384615384615
1 0.5036057692307693 0.6658653846153846 0.12980769230769232 0.13701923076923078
0 0.38822115384615385 0.39663461538461536 0.1875 0.2764423076923077
0 0.36899038461538464 0.20072115384615385 0.23076923076923078 0.19471153846153846
0 0.6730769230769231 0.18870192307692307 0.27403846153846156 0.37740384615384615
0 0.5817307692307693 0.33653846153846156 0.23317307692307693 0.23557692307692307
1 0.49759615384615385 0.1778846153846154 0.16105769230769232 0.2283653846153846
0 0.12620192307692307 0.4891826923076923 0.19951923076923078 0.31490384615384615
1 0.3581730769230769 0.8954326923076923 0.11778846153846154 0.11778846153846154