3 0.08052884615384616 0.40024038461538464 0.04807692307692308 0.04807692307692308
3 0.4495192307692308 0.7415865384615384 0.25721153846153844 0.23317307692307693
3 0.43509615384615385 0.5709134615384616 0.10336538461538461 0.10096153846153846
1 0.6105769230769231 0.6334134615384616 0.07692307692307693 0.07451923076923077
1 0.4206730769230769 0.8064903846153846 0.052884615384615384 0.05048076923076923
1 0.6069711538461539 0.7740384615384616 0.057692307692307696 0.057692307692307696
1 0.38822115384615385 0.43509615384615385 0.0889423076923077 0.08653846153846154
1 0.42908653846153844 0.29086538461538464 0.09375 0.09615384615384616
1 0.5552884615384616 0.38461538461538464 0.09615384615384616 0.09134615384615384
1 0.15985576923076922 0.35096153846153844 0.07932692307692307 0.07692307692307693
1 0.29927884615384615 0.1971153846153846 0.07932692307692307 0.07692307692307693
1 0.35096153846153844 0.17548076923076922 0.11778846153846154 0.11538461538461539