3 0.453125 0.2956730769230769 0.22596153846153846 0.23798076923076922
0 0.7259615384615384 0.5444711538461539 0.4206730769230769 0.46153846153846156
0 0.3557692307692308 0.14423076923076922 0.42788461538461536 0.28846153846153844
0 0.6862980769230769 0.3473557692307692 0.3485576923076923 0.37740384615384615
0 0.6045673076923077 0.23317307692307693 0.28365384615384615 0.28846153846153844
0 0.5817307692307693 0.7115384615384616 0.2932692307692308 0.3004807692307692
0 0.24519230769230768 0.6670673076923077 0.2692307692307692 0.28846153846153844
0 0.5721153846153846 0.5793269230769231 0.07932692307692307 0.08413461538461539
0 0.5564903846153846 0.84375 0.28846153846153844 0.28365384615384615
0 0.8725961538461539 0.375 0.2548076923076923 0.3701923076923077
0 0.8365384615384616 0.6262019230769231 0.3269230769230769 0.38221153846153844