0 0.41466346153846156 0.40865384615384615 0.2764423076923077 0.25961538461538464
0 0.28966346153846156 0.13701923076923078 0.17307692307692307 0.22355769230769232
0 0.1346153846153846 0.21153846153846154 0.23076923076923078 0.31971153846153844
0 0.1778846153846154 0.07692307692307693 0.15865384615384615 0.15384615384615385
0 0.2704326923076923 0.04447115384615385 0.11298076923076923 0.0889423076923077
0 0.29447115384615385 0.7740384615384616 0.3485576923076923 0.43028846153846156
0 0.9014423076923077 0.6117788461538461 0.1971153846153846 0.5264423076923077
0 0.8161057692307693 0.4579326923076923 0.21394230769230768 0.3701923076923077
0 0.5600961538461539 0.9399038461538461 0.3125 0.1201923076923077
0 0.24519230769230768 0.34615384615384615 0.4567307692307692 0.5649038461538461
1 0.03485576923076923 0.8269230769230769 0.06971153846153846 0.15384615384615385
1 0.3485576923076923 0.20072115384615385 0.14903846153846154 0.1466346153846154
0 0.2247596153846154 0.4254807692307692 0.33653846153846156 0.4254807692307692
0 0.6370192307692307 0.23557692307692307 0.5841346153846154 0.29086538461538464
0 0.49038461538461536 0.6526442307692307 0.1971153846153846 0.4639423076923077
0 0.6658653846153846 0.7139423076923077 0.36538461538461536 0.4423076923076923
0 0.6153846153846154 0.4026442307692308 0.18990384615384615 0.21394230769230768
0 0.6310096153846154 0.5745192307692307 0.22355769230769232 0.3870192307692308