0 0.33533653846153844 0.13822115384615385 0.16346153846153846 0.18509615384615385
0 0.28966346153846156 0.36899038461538464 0.25961538461538464 0.30288461538461536
0 0.5372596153846154 0.7475961538461539 0.24278846153846154 0.31490384615384615
0 0.2644230769230769 0.08413461538461539 0.15865384615384615 0.16826923076923078
0 0.2608173076923077 0.8810096153846154 0.1875 0.17067307692307693
1 0.08052884615384616 0.71875 0.16105769230769232 0.20673076923076922
1 0.5336538461538461 0.8545673076923077 0.16346153846153846 0.15625
1 0.4675480769230769 0.6959134615384616 0.07932692307692307 0.10576923076923077
1 0.18509615384615385 0.23317307692307693 0.22115384615384615 0.22115384615384615
0 0.16706730769230768 0.09735576923076923 0.17548076923076922 0.19471153846153846
0 0.39663461538461536 0.8533653846153846 0.21394230769230768 0.27884615384615385
0 0.3161057692307692 0.6105769230769231 0.3557692307692308 0.24278846153846154
0 0.23557692307692307 0.7475961538461539 0.34134615384615385 0.2860576923076923
0 0.6262019230769231 0.5036057692307693 0.28846153846153844 0.1875
0 0.4254807692307692 0.4423076923076923 0.22596153846153846 0.31009615384615385