3 0.3641826923076923 0.3713942307692308 0.19471153846153846 0.17548076923076922
3 0.6165865384615384 0.046875 0.06971153846153846 0.09375
3 0.078125 0.38100961538461536 0.15625 0.17548076923076922
3 0.14543269230769232 0.3918269230769231 0.09615384615384616 0.06009615384615385
3 0.23076923076923078 0.39663461538461536 0.09375 0.08173076923076923
3 0.5588942307692307 0.359375 0.24519230769230768 0.14182692307692307
3 0.7560096153846154 0.34134615384615385 0.16346153846153846 0.14903846153846154
3 0.7992788461538461 0.6682692307692307 0.06009615384615385 0.04567307692307692
3 0.3701923076923077 0.8088942307692307 0.16346153846153846 0.1778846153846154
3 0.4326923076923077 0.7415865384615384 0.15625 0.11778846153846154
3 0.6971153846153846 0.6634615384615384 0.11538461538461539 0.11057692307692307
3 0.6021634615384616 0.4831730769230769 0.2403846153846154 0.1346153846153846
3 0.41466346153846156 0.21033653846153846 0.18990384615384615 0.1346153846153846
3 0.6009615384615384 0.18509615384615385 0.2283653846153846 0.1466346153846154
3 0.18509615384615385 0.12139423076923077 0.16346153846153846 0.1346153846153846
3 0.19230769230769232 0.24879807692307693 0.19471153846153846 0.13942307692307693
3 0.051682692307692304 0.26802884615384615 0.10336538461538461 0.11298076923076923