0 0.5841346153846154 0.4074519230769231 0.28125 0.2644230769230769
0 0.703125 0.13341346153846154 0.1778846153846154 0.22355769230769232
0 0.859375 0.20552884615384615 0.23557692307692307 0.32211538461538464
0 0.8137019230769231 0.07572115384615384 0.16105769230769232 0.15144230769230768
0 0.71875 0.04326923076923077 0.11538461538461539 0.08653846153846154
0 0.7103365384615384 0.7704326923076923 0.3557692307692308 0.4326923076923077
0 0.10096153846153846 0.6177884615384616 0.20192307692307693 0.5288461538461539
0 0.18269230769230768 0.4639423076923077 0.21875 0.37259615384615385
0 0.44591346153846156 0.9387019230769231 0.31490384615384615 0.12259615384615384
0 0.7524038461538461 0.3425480769230769 0.46634615384615385 0.5721153846153846
1 0.9663461538461539 0.8173076923076923 0.0673076923076923 0.15384615384615385
1 0.6454326923076923 0.19831730769230768 0.15144230769230768 0.14903846153846154
0 0.7728365384615384 0.4206730769230769 0.34375 0.43028846153846156
0 0.3581730769230769 0.23798076923076922 0.5865384615384616 0.2980769230769231
0 0.5120192307692307 0.6526442307692307 0.20673076923076922 0.46634615384615385
0 0.3389423076923077 0.7163461538461539 0.37259615384615385 0.44711538461538464
0 0.38221153846153844 0.40384615384615385 0.19471153846153846 0.21634615384615385
0 0.3701923076923077 0.5769230769230769 0.23076923076923078 0.3894230769230769