3 0.34134615384615385 0.6382211538461539 0.13701923076923078 0.20432692307692307
0 0.7091346153846154 0.5973557692307693 0.21153846153846154 0.4375
0 0.125 0.7716346153846154 0.24519230769230768 0.40625
0 0.5612980769230769 0.7319711538461539 0.1875 0.34615384615384615
0 0.42788461538461536 0.7776442307692307 0.1971153846153846 0.22596153846153846
0 0.6911057692307693 0.3762019230769231 0.20432692307692307 0.23317307692307693
0 0.39302884615384615 0.21514423076923078 0.14903846153846154 0.2620192307692308
0 0.6045673076923077 0.47836538461538464 0.04807692307692308 0.07451923076923077
0 0.7475961538461539 0.25600961538461536 0.22355769230769232 0.19951923076923078
0 0.7800480769230769 0.8569711538461539 0.3125 0.2403846153846154
0 0.8533653846153846 0.6009615384615384 0.15144230769230768 0.3798076923076923