0 0.36177884615384615 0.4807692307692308 0.2932692307692308 0.3485576923076923
0 0.5661057692307693 0.3449519230769231 0.20432692307692307 0.23557692307692307
0 0.5300480769230769 0.265625 0.25 0.20432692307692307
0 0.3605769230769231 0.2932692307692308 0.18269230769230768 0.18028846153846154
0 0.33413461538461536 0.21153846153846154 0.2692307692307692 0.28365384615384615
0 0.7475961538461539 0.23197115384615385 0.23557692307692307 0.20192307692307693
0 0.7752403846153846 0.2956730769230769 0.11298076923076923 0.08653846153846154
0 0.8425480769230769 0.17548076923076922 0.125 0.1466346153846154
0 0.6057692307692307 0.41346153846153844 0.15384615384615385 0.1658653846153846
2 0.18509615384615385 0.7067307692307693 0.25721153846153844 0.23317307692307693
0 0.38341346153846156 0.6033653846153846 0.27403846153846156 0.27163461538461536
0 0.3858173076923077 0.7752403846153846 0.4879807692307692 0.4495192307692308
0 0.11177884615384616 0.7620192307692307 0.22355769230769232 0.2548076923076923
0 0.1466346153846154 0.5324519230769231 0.2932692307692308 0.24759615384615385