0 0.3629807692307692 0.5288461538461539 0.30528846153846156 0.35096153846153844
0 0.5769230769230769 0.6502403846153846 0.21394230769230768 0.23798076923076922
0 0.5456730769230769 0.7319711538461539 0.25 0.21394230769230768
0 0.375 0.7163461538461539 0.1875 0.18509615384615385
0 0.3545673076923077 0.7992788461538461 0.2764423076923077 0.28846153846153844
0 0.765625 0.75 0.23798076923076922 0.2091346153846154
0 0.7896634615384616 0.6850961538461539 0.11298076923076923 0.09134615384615384
0 0.8641826923076923 0.7992788461538461 0.12980769230769232 0.1466346153846154
0 0.6105769230769231 0.578125 0.15865384615384615 0.16826923076923078
2 0.17067307692307693 0.31490384615384615 0.2620192307692308 0.24278846153846154
0 0.3762019230769231 0.4050480769230769 0.27884615384615385 0.27884615384615385
0 0.36538461538461536 0.23197115384615385 0.5 0.4639423076923077
0 0.1045673076923077 0.2668269230769231 0.2091346153846154 0.2644230769230769
0 0.14543269230769232 0.49278846153846156 0.29086538461538464 0.2644230769230769