1 0.6213942307692307 0.42427884615384615 0.06009615384615385 0.057692307692307696
1 0.3762019230769231 0.39783653846153844 0.0673076923076923 0.07211538461538461
1 0.40865384615384615 0.34375 0.07451923076923077 0.07211538461538461
1 0.4230769230769231 0.3088942307692308 0.06490384615384616 0.06490384615384616
1 0.5288461538461539 0.33413461538461536 0.07692307692307693 0.07932692307692307
1 0.5817307692307693 0.7451923076923077 0.08173076923076923 0.0889423076923077
1 0.8100961538461539 0.3161057692307692 0.06490384615384616 0.06971153846153846
1 0.6586538461538461 0.3894230769230769 0.06009615384615385 0.06490384615384616
1 0.2692307692307692 0.9435096153846154 0.10576923076923077 0.11298076923076923
1 0.13341346153846154 0.4723557692307692 0.0625 0.06490384615384616
1 0.27283653846153844 0.5504807692307693 0.08173076923076923 0.09375