0 0.140625 0.7776442307692307 0.04807692307692308 0.08413461538461539
3 0.8377403846153846 0.036057692307692304 0.07211538461538461 0.07211538461538461
3 0.6225961538461539 0.15384615384615385 0.0625 0.057692307692307696
3 0.21394230769230768 0.16466346153846154 0.07211538461538461 0.057692307692307696
3 0.14903846153846154 0.19110576923076922 0.026442307692307692 0.03125
3 0.09134615384615384 0.1875 0.040865384615384616 0.038461538461538464
3 0.1935096153846154 0.25841346153846156 0.055288461538461536 0.04567307692307692
0 0.5216346153846154 0.29086538461538464 0.125 0.19951923076923078
0 0.4110576923076923 0.38461538461538464 0.12259615384615384 0.14903846153846154
0 0.30528846153846156 0.5420673076923077 0.04567307692307692 0.1201923076923077
0 0.19951923076923078 0.5480769230769231 0.04326923076923077 0.12740384615384615
0 0.5685096153846154 0.5216346153846154 0.12980769230769232 0.23317307692307693
0 0.19110576923076922 0.3401442307692308 0.38221153846153844 0.4110576923076923
3 0.0733173076923077 0.2536057692307692 0.02403846153846154 0.02403846153846154