2 0.4170673076923077 0.6947115384615384 0.21394230769230768 0.21634615384615385
2 0.6225961538461539 0.5108173076923077 0.07692307692307693 0.07932692307692307
2 0.734375 0.6334134615384616 0.21875 0.22115384615384615
2 0.14783653846153846 0.6826923076923077 0.2956730769230769 0.3317307692307692
2 0.8413461538461539 0.6033653846153846 0.3173076923076923 0.34615384615384615
2 0.8629807692307693 0.5024038461538461 0.27403846153846156 0.34615384615384615
2 0.6201923076923077 0.3557692307692308 0.0889423076923077 0.0889423076923077
2 0.5853365384615384 0.14783653846153846 0.3293269230769231 0.2956730769230769
2 0.5012019230769231 0.5745192307692307 0.27163461538461536 0.27403846153846156
2 0.41225961538461536 0.390625 0.22596153846153846 0.2283653846153846
2 0.21153846153846154 0.36778846153846156 0.41346153846153844 0.4182692307692308
2 0.8473557692307693 0.8016826923076923 0.10817307692307693 0.10817307692307693
2 0.37740384615384615 0.1814903846153846 0.09615384615384616 0.09615384615384616