0 0.5432692307692307 0.6165865384615384 0.3293269230769231 0.32211538461538464
0 0.5504807692307693 0.8954326923076923 0.23076923076923078 0.2091346153846154
0 0.7235576923076923 0.8653846153846154 0.3173076923076923 0.2692307692307692
0 0.6286057692307693 0.9591346153846154 0.19951923076923078 0.08173076923076923
0 0.5240384615384616 0.9747596153846154 0.14423076923076922 0.05048076923076923
0 0.7836538461538461 0.3269230769230769 0.4326923076923077 0.49038461538461536
0 0.17908653846153846 0.24639423076923078 0.3581730769230769 0.49278846153846156
0 0.19230769230769232 0.41466346153846156 0.32211538461538464 0.3870192307692308
0 0.6213942307692307 0.09134615384615384 0.31490384615384615 0.18269230769230768
0 0.6730769230769231 0.7091346153846154 0.6009615384615384 0.5817307692307693
1 0.5216346153846154 0.8341346153846154 0.18028846153846154 0.18028846153846154
0 0.7235576923076923 0.6766826923076923 0.44471153846153844 0.4807692307692308
0 0.2824519230769231 0.6899038461538461 0.5649038461538461 0.47115384615384615
0 0.5685096153846154 0.3629807692307692 0.3485576923076923 0.4567307692307692
0 0.43028846153846156 0.24639423076923078 0.47596153846153844 0.49278846153846156
0 0.3557692307692308 0.5444711538461539 0.2403846153846154 0.25
0 0.4074519230769231 0.3798076923076923 0.3389423076923077 0.40384615384615385