0 0.6394230769230769 0.4951923076923077 0.2548076923076923 0.33653846153846156
0 0.46274038461538464 0.6646634615384616 0.18028846153846154 0.22596153846153846
0 0.5120192307692307 0.7355769230769231 0.24278846153846154 0.17548076923076922
0 0.6730769230769231 0.6790865384615384 0.17067307692307693 0.1658653846153846
0 0.7127403846153846 0.7548076923076923 0.24278846153846154 0.2668269230769231
0 0.3016826923076923 0.8064903846153846 0.22596153846153846 0.1778846153846154
0 0.2644230769230769 0.7487980769230769 0.11298076923076923 0.07211538461538461
0 0.21875 0.8786057692307693 0.11057692307692307 0.13942307692307693
0 0.4110576923076923 0.6033653846153846 0.13701923076923078 0.15625
2 0.7740384615384616 0.24158653846153846 0.24278846153846154 0.2091346153846154
0 0.5973557692307693 0.3786057692307692 0.25240384615384615 0.25
0 0.5612980769230769 0.20673076923076922 0.4495192307692308 0.41346153846153844
0 0.8653846153846154 0.16947115384615385 0.2692307692307692 0.22355769230769232
0 0.8473557692307693 0.4014423076923077 0.30528846153846156 0.20192307692307693