0 0.11899038461538461 0.3798076923076923 0.1346153846153846 0.125
0 0.07932692307692307 0.40024038461538464 0.15865384615384615 0.15144230769230768
0 0.5348557692307693 0.9603365384615384 0.23317307692307693 0.07932692307692307
0 0.056490384615384616 0.5012019230769231 0.11298076923076923 0.13701923076923078
0 0.3161057692307692 0.6538461538461539 0.21153846153846154 0.21153846153846154
0 0.5961538461538461 0.8605769230769231 0.16346153846153846 0.16105769230769232
0 0.5168269230769231 0.7668269230769231 0.1778846153846154 0.17548076923076922
0 0.3016826923076923 0.9206730769230769 0.18990384615384615 0.15865384615384615
0 0.18389423076923078 0.8521634615384616 0.15144230769230768 0.13942307692307693
0 0.2764423076923077 0.4338942307692308 0.10576923076923077 0.11057692307692307
0 0.4362980769230769 0.9362980769230769 0.10336538461538461 0.10096153846153846
0 0.42788461538461536 0.9639423076923077 0.17307692307692307 0.07211538461538461
0 0.23798076923076922 0.8269230769230769 0.18028846153846154 0.16346153846153846