2 0.6346153846153846 0.8377403846153846 0.2620192307692308 0.2548076923076923
2 0.6682692307692307 0.4519230769230769 0.14182692307692307 0.1971153846153846
2 0.34375 0.21394230769230768 0.3076923076923077 0.19471153846153846
2 0.9134615384615384 0.7560096153846154 0.15625 0.21394230769230768
2 0.6838942307692307 0.6730769230769231 0.1658653846153846 0.21875
2 0.5576923076923077 0.15985576923076922 0.18028846153846154 0.15384615384615385
2 0.6935096153846154 0.18269230769230768 0.18990384615384615 0.24519230769230768
2 0.30408653846153844 0.8834134615384616 0.21394230769230768 0.23317307692307693
2 0.4891826923076923 0.8725961538461539 0.19951923076923078 0.24278846153846154
2 0.1346153846153846 0.5961538461538461 0.2692307692307692 0.22596153846153846
2 0.359375 0.6358173076923077 0.1875 0.28125