2 0.26802884615384615 0.7800480769230769 0.3173076923076923 0.3125
2 0.3557692307692308 0.4026442307692308 0.18990384615384615 0.22355769230769232
2 0.7367788461538461 0.2764423076923077 0.3389423076923077 0.27403846153846156
2 0.06610576923076923 0.6141826923076923 0.13221153846153846 0.24278846153846154
2 0.27163461538461536 0.6069711538461539 0.21875 0.25
2 0.5492788461538461 0.15865384615384615 0.21153846153846154 0.19471153846153846
2 0.41225961538461536 0.13942307692307693 0.24759615384615385 0.27884615384615385
2 0.5661057692307693 0.8930288461538461 0.27163461538461536 0.21394230769230768
2 0.3954326923076923 0.8581730769230769 0.2548076923076923 0.28125
2 0.8173076923076923 0.7043269230769231 0.31490384615384615 0.28846153846153844
2 0.5925480769230769 0.6730769230769231 0.25721153846153844 0.3125