0 0.1045673076923077 0.4483173076923077 0.14423076923076922 0.08413461538461539
0 0.07932692307692307 0.41225961538461536 0.15865384615384615 0.10817307692307693
0 0.7608173076923077 0.06850961538461539 0.18028846153846154 0.13701923076923078
0 0.0889423076923077 0.30649038461538464 0.11298076923076923 0.12259615384615384
0 0.39783653846153844 0.28365384615384615 0.1875 0.18028846153846154
0 0.7391826923076923 0.2127403846153846 0.1466346153846154 0.13701923076923078
0 0.6286057692307693 0.265625 0.16346153846153846 0.14182692307692307
0 0.5024038461538461 0.04326923076923077 0.1971153846153846 0.08653846153846154
0 0.3629807692307692 0.04807692307692308 0.16346153846153846 0.0889423076923077
0 0.2692307692307692 0.4651442307692308 0.07932692307692307 0.11057692307692307
0 0.6274038461538461 0.078125 0.09615384615384616 0.07932692307692307
0 0.6514423076923077 0.03485576923076923 0.16346153846153846 0.06971153846153846
0 0.40024038461538464 0.09254807692307693 0.19471153846153846 0.10096153846153846