0 0.5300480769230769 0.4338942307692308 0.19951923076923078 0.27884615384615385
0 0.4182692307692308 0.5661057692307693 0.30288461538461536 0.27403846153846156
0 0.19230769230769232 0.5709134615384616 0.22115384615384615 0.31009615384615385
1 0.8605769230769231 0.8798076923076923 0.06971153846153846 0.08653846153846154
1 0.8377403846153846 0.8028846153846154 0.09134615384615384 0.13701923076923078
1 0.8365384615384616 0.6237980769230769 0.09615384615384616 0.15865384615384615
1 0.8449519230769231 0.48197115384615385 0.12740384615384615 0.1971153846153846
1 0.7620192307692307 0.3389423076923077 0.13942307692307693 0.15144230769230768
1 0.3581730769230769 0.4110576923076923 0.125 0.18028846153846154
0 0.7752403846153846 0.5384615384615384 0.09134615384615384 0.14423076923076922
0 0.6574519230769231 0.46033653846153844 0.20673076923076922 0.24759615384615385
0 0.052884615384615384 0.3245192307692308 0.10576923076923077 0.34615384615384615
0 0.7175480769230769 0.8882211538461539 0.22355769230769232 0.17548076923076922
0 0.6334134615384616 0.6875 0.22355769230769232 0.3004807692307692
0 0.3245192307692308 0.7728365384615384 0.2956730769230769 0.3269230769230769
0 0.2644230769230769 0.9302884615384616 0.1778846153846154 0.13942307692307693
0 0.20192307692307693 0.8870192307692307 0.19230769230769232 0.22596153846153846
0 0.33653846153846156 0.578125 0.16346153846153846 0.3485576923076923
1 0.4831730769230769 0.6646634615384616 0.1201923076923077 0.12980769230769232
0 0.4014423076923077 0.38341346153846156 0.16105769230769232 0.2764423076923077
0 0.40625 0.18629807692307693 0.22355769230769232 0.17548076923076922
0 0.7115384615384616 0.203125 0.23798076923076922 0.39663461538461536
0 0.6009615384615384 0.3473557692307692 0.21875 0.22355769230769232
1 0.5360576923076923 0.18028846153846154 0.14182692307692307 0.2283653846153846
0 0.12980769230769232 0.44350961538461536 0.16826923076923078 0.31490384615384615
1 0.31009615384615385 0.875 0.11057692307692307 0.11057692307692307