3 0.375 0.7127403846153846 0.3269230769230769 0.36538461538461536
3 0.8245192307692307 0.7415865384615384 0.14182692307692307 0.3269230769230769
3 0.6153846153846154 0.7572115384615384 0.09375 0.09134615384615384
3 0.45552884615384615 0.5204326923076923 0.12740384615384615 0.17548076923076922
0 0.14543269230769232 0.6117788461538461 0.18509615384615385 0.24519230769230768
0 0.7740384615384616 0.4567307692307692 0.1778846153846154 0.17307692307692307
0 0.6069711538461539 0.36177884615384615 0.25240384615384615 0.17307692307692307
3 0.4483173076923077 0.21033653846153846 0.2091346153846154 0.21875
3 0.2764423076923077 0.4074519230769231 0.21634615384615385 0.3004807692307692
3 0.7163461538461539 0.5973557692307693 0.15865384615384615 0.20673076923076922
3 0.4110576923076923 0.32091346153846156 0.16105769230769232 0.15384615384615385
3 0.8305288461538461 0.5396634615384616 0.1875 0.32211538461538464
3 0.5384615384615384 0.6694711538461539 0.24278846153846154 0.38221153846153844
3 0.5817307692307693 0.45913461538461536 0.19230769230769232 0.15625