0 0.8449519230769231 0.30408653846153844 0.18269230769230768 0.19951923076923078
0 0.7475961538461539 0.5180288461538461 0.29086538461538464 0.32211538461538464
0 0.3233173076923077 0.6778846153846154 0.28125 0.3317307692307692
0 0.9254807692307693 0.2920673076923077 0.14903846153846154 0.20432692307692307
0 0.46875 0.9266826923076923 0.20192307692307693 0.1466346153846154
1 0.7223557692307693 0.9110576923076923 0.21394230769230768 0.1778846153846154
1 0.2644230769230769 0.7668269230769231 0.1778846153846154 0.17067307692307693
1 0.4110576923076923 0.6778846153846154 0.09134615384615384 0.11057692307692307
1 0.8942307692307693 0.4699519230769231 0.21153846153846154 0.24278846153846154
0 0.9543269230769231 0.36658653846153844 0.09134615384615384 0.21394230769230768
0 0.3762019230769231 0.8473557692307693 0.24519230769230768 0.2932692307692308
0 0.5829326923076923 0.6971153846153846 0.36538461538461536 0.2860576923076923
0 0.5673076923076923 0.8473557692307693 0.3605769230769231 0.30528846153846156
0 0.3954326923076923 0.42788461538461536 0.2956730769230769 0.22596153846153846
0 0.59375 0.4963942307692308 0.2644230769230769 0.32211538461538464