1 0.6237980769230769 0.48197115384615385 0.07451923076923077 0.06490384615384616
1 0.03125 0.6105769230769231 0.0625 0.10096153846153846
1 0.21033653846153846 0.25240384615384615 0.06490384615384616 0.057692307692307696
1 0.26802884615384615 0.3942307692307692 0.07692307692307693 0.08173076923076923
1 0.5480769230769231 0.38341346153846156 0.057692307692307696 0.05048076923076923
1 0.5144230769230769 0.3918269230769231 0.06971153846153846 0.06009615384615385
1 0.44591346153846156 0.39302884615384615 0.07692307692307693 0.06490384615384616
1 0.7103365384615384 0.6274038461538461 0.06009615384615385 0.06009615384615385
0 0.9699519230769231 0.4519230769230769 0.06009615384615385 0.25961538461538464
3 0.41225961538461536 0.7632211538461539 0.08173076923076923 0.0625
1 0.9110576923076923 0.7295673076923077 0.07451923076923077 0.07932692307692307
1 0.46875 0.5528846153846154 0.0985576923076923 0.08173076923076923