0 0.71875 0.8305288461538461 0.14182692307692307 0.17067307692307693
0 0.7283653846153846 0.5961538461538461 0.22115384615384615 0.27884615384615385
0 0.42427884615384615 0.2608173076923077 0.20432692307692307 0.2932692307692308
0 0.7992788461538461 0.8858173076923077 0.13701923076923078 0.17548076923076922
0 0.6754807692307693 0.08533653846153846 0.17067307692307693 0.14903846153846154
1 0.8942307692307693 0.21394230769230768 0.17067307692307693 0.18509615384615385
1 0.4110576923076923 0.15504807692307693 0.14903846153846154 0.13701923076923078
1 0.5024038461538461 0.3016826923076923 0.0673076923076923 0.0985576923076923
1 0.8521634615384616 0.7139423076923077 0.1971153846153846 0.1971153846153846
0 0.8930288461538461 0.8473557692307693 0.15144230769230768 0.18269230769230768
0 0.546875 0.1346153846153846 0.1778846153846154 0.25961538461538464
0 0.6634615384615384 0.36177884615384615 0.33653846153846156 0.19471153846153846
0 0.7223557692307693 0.21394230769230768 0.3125 0.24278846153846154
0 0.375 0.5168269230769231 0.27403846153846156 0.15144230769230768
0 0.5829326923076923 0.5456730769230769 0.1875 0.29086538461538464