3 0.6322115384615384 0.2920673076923077 0.33653846153846156 0.37259615384615385
3 0.18389423076923078 0.24639423076923078 0.15384615384615385 0.3269230769230769
3 0.39302884615384615 0.23918269230769232 0.09375 0.09375
3 0.5456730769230769 0.4807692307692308 0.13221153846153846 0.1778846153846154
0 0.8581730769230769 0.40024038461538464 0.19230769230769232 0.24759615384615385
0 0.22355769230769232 0.5336538461538461 0.18269230769230768 0.1778846153846154
0 0.38822115384615385 0.6346153846153846 0.25240384615384615 0.18028846153846154
3 0.5420673076923077 0.7908653846153846 0.21394230769230768 0.22355769230769232
3 0.7199519230769231 0.6009615384615384 0.22596153846153846 0.30528846153846156
3 0.28725961538461536 0.3954326923076923 0.16346153846153846 0.2091346153846154
3 0.5829326923076923 0.6826923076923077 0.16346153846153846 0.15625
3 0.17067307692307693 0.4495192307692308 0.1971153846153846 0.3245192307692308
3 0.4675480769230769 0.3293269230769231 0.25240384615384615 0.38461538461538464
3 0.41586538461538464 0.5384615384615384 0.19471153846153846 0.16105769230769232