2 0.7019230769230769 0.5661057692307693 0.15144230769230768 0.18269230769230768
2 0.42788461538461536 0.5997596153846154 0.052884615384615384 0.06971153846153846
2 0.44711538461538464 0.7644230769230769 0.1466346153846154 0.19471153846153846
2 0.8786057692307693 0.34375 0.21875 0.2956730769230769
2 0.3449519230769231 0.8269230769230769 0.17067307692307693 0.34615384615384615
2 0.2439903846153846 0.7992788461538461 0.15865384615384615 0.37259615384615385
2 0.3125 0.4963942307692308 0.06971153846153846 0.07211538461538461
2 0.1622596153846154 0.32211538461538464 0.20192307692307693 0.3125
2 0.5552884615384616 0.5492788461538461 0.1875 0.23557692307692307
2 0.47475961538461536 0.3629807692307692 0.1466346153846154 0.20673076923076922
2 0.5889423076923077 0.19591346153846154 0.28846153846153844 0.3581730769230769
2 0.5 0.9603365384615384 0.0889423076923077 0.07932692307692307
2 0.3401442307692308 0.19951923076923078 0.07692307692307693 0.07211538461538461