1 0.6105769230769231 0.5588942307692307 0.0673076923076923 0.055288461538461536
1 0.08653846153846154 0.23076923076923078 0.07692307692307693 0.09134615384615384
1 0.14302884615384615 0.6346153846153846 0.06009615384615385 0.05048076923076923
1 0.24639423076923078 0.5204326923076923 0.06490384615384616 0.07451923076923077
1 0.5060096153846154 0.6262019230769231 0.052884615384615384 0.04326923076923077
1 0.47596153846153844 0.6069711538461539 0.06490384615384616 0.05048076923076923
1 0.41346153846153844 0.5817307692307693 0.06971153846153846 0.055288461538461536
1 0.7403846153846154 0.4519230769230769 0.052884615384615384 0.055288461538461536
0 0.9555288461538461 0.7163461538461539 0.07692307692307693 0.25961538461538464
3 0.5072115384615384 0.22355769230769232 0.07692307692307693 0.052884615384615384
1 0.9651442307692307 0.42427884615384615 0.06490384615384616 0.06971153846153846
1 0.4879807692307692 0.43990384615384615 0.0889423076923077 0.06971153846153846