3 0.9266826923076923 0.43509615384615385 0.04567307692307692 0.04326923076923077
3 0.4567307692307692 0.25721153846153844 0.2860576923076923 0.15384615384615385
3 0.5336538461538461 0.4098557692307692 0.09615384615384616 0.08413461538461539
1 0.3473557692307692 0.4170673076923077 0.07451923076923077 0.06009615384615385
1 0.45913461538461536 0.18629807692307693 0.05048076923076923 0.040865384615384616
1 0.2980769230769231 0.2860576923076923 0.055288461538461536 0.04567307692307692
1 0.6286057692307693 0.5180288461538461 0.08413461538461539 0.07451923076923077
1 0.6442307692307693 0.6682692307692307 0.08413461538461539 0.08653846153846154
1 0.49278846153846156 0.6274038461538461 0.09615384615384616 0.06971153846153846
1 0.8713942307692307 0.5108173076923077 0.07932692307692307 0.057692307692307696
1 0.7992788461538461 0.7055288461538461 0.07211538461538461 0.0673076923076923
1 0.7596153846153846 0.7451923076923077 0.11298076923076923 0.09615384615384616