0 0.9495192307692307 0.43149038461538464 0.07451923076923077 0.09134615384615384
3 0.013221153846153846 0.7415865384615384 0.026442307692307692 0.09375
3 0.2247596153846154 0.7427884615384616 0.07932692307692307 0.07692307692307693
3 0.5877403846153846 0.9314903846153846 0.08653846153846154 0.07932692307692307
3 0.6574519230769231 0.9399038461538461 0.03365384615384615 0.036057692307692304
3 0.7067307692307693 0.9711538461538461 0.05048076923076923 0.04807692307692308
3 0.6502403846153846 0.859375 0.0673076923076923 0.0625
0 0.3798076923076923 0.6730769230769231 0.18990384615384615 0.22596153846153846
0 0.5216346153846154 0.6442307692307693 0.1658653846153846 0.18028846153846154
0 0.6911057692307693 0.5588942307692307 0.08653846153846154 0.12259615384615384
0 0.7860576923076923 0.6033653846153846 0.08653846153846154 0.12740384615384615
0 0.45072115384615385 0.4483173076923077 0.20673076923076922 0.25721153846153844
0 0.6959134615384616 0.765625 0.5024038461538461 0.46875
3 0.7536057692307693 0.921875 0.03125 0.028846153846153848