3 0.6478365384615384 0.6141826923076923 0.2091346153846154 0.18990384615384615
3 0.43149038461538464 0.9567307692307693 0.07932692307692307 0.08653846153846154
3 0.9230769230769231 0.5709134615384616 0.15384615384615385 0.18990384615384615
3 0.8641826923076923 0.5697115384615384 0.10096153846153846 0.06971153846153846
3 0.7788461538461539 0.5745192307692307 0.10096153846153846 0.0889423076923077
3 0.45552884615384615 0.6454326923076923 0.25240384615384615 0.1658653846153846
3 0.2620192307692308 0.6838942307692307 0.17548076923076922 0.16346153846153846
3 0.18509615384615385 0.3641826923076923 0.0625 0.05048076923076923
3 0.5973557692307693 0.17908653846153846 0.1778846153846154 0.18990384615384615
3 0.5420673076923077 0.25240384615384615 0.16346153846153846 0.12980769230769232
3 0.28725961538461536 0.3581730769230769 0.12259615384615384 0.1201923076923077
3 0.40024038461538464 0.5276442307692307 0.24759615384615385 0.15625
3 0.6153846153846154 0.7788461538461539 0.19951923076923078 0.14903846153846154
3 0.4326923076923077 0.8233173076923077 0.23798076923076922 0.1658653846153846
3 0.8533653846153846 0.84375 0.17067307692307693 0.14903846153846154
3 0.8329326923076923 0.7175480769230769 0.20432692307692307 0.15625
3 0.9567307692307693 0.6802884615384616 0.08653846153846154 0.125