1 0.6382211538461539 0.5372596153846154 0.055288461538461536 0.04807692307692308
1 0.41225961538461536 0.6346153846153846 0.057692307692307696 0.06490384615384616
1 0.4579326923076923 0.6766826923076923 0.06490384615384616 0.0625
1 0.48197115384615385 0.7055288461538461 0.057692307692307696 0.055288461538461536
1 0.5769230769230769 0.6502403846153846 0.06490384615384616 0.07211538461538461
1 0.5060096153846154 0.24158653846153846 0.06971153846153846 0.08173076923076923
1 0.8509615384615384 0.5853365384615384 0.052884615384615384 0.06490384615384616
1 0.6850961538461539 0.5600961538461539 0.04807692307692308 0.0625
1 0.14903846153846154 0.13822115384615385 0.08173076923076923 0.11778846153846154
1 0.15745192307692307 0.6334134615384616 0.055288461538461536 0.06009615384615385
1 0.26802884615384615 0.5180288461538461 0.06490384615384616 0.09134615384615384