3 0.3918269230769231 0.3473557692307692 0.1875 0.1658653846153846
3 0.7019230769230769 0.06971153846153846 0.06490384615384616 0.11057692307692307
3 0.09735576923076923 0.3016826923076923 0.17307692307692307 0.16826923076923078
3 0.171875 0.3269230769230769 0.09375 0.057692307692307696
3 0.2548076923076923 0.34615384615384615 0.09134615384615384 0.07692307692307693
3 0.5853365384615384 0.3737980769230769 0.2403846153846154 0.13221153846153846
3 0.78125 0.39302884615384615 0.15865384615384615 0.14182692307692307
3 0.7620192307692307 0.7223557692307693 0.057692307692307696 0.04326923076923077
3 0.3125 0.7788461538461539 0.15625 0.17067307692307693
3 0.38822115384615385 0.7247596153846154 0.15144230769230768 0.11057692307692307
3 0.6622596153846154 0.6983173076923077 0.11057692307692307 0.10576923076923077
3 0.6033653846153846 0.5024038461538461 0.23557692307692307 0.125
3 0.47115384615384615 0.19951923076923078 0.18509615384615385 0.125
3 0.6586538461538461 0.21033653846153846 0.22355769230769232 0.1346153846153846
3 0.26322115384615385 0.0673076923076923 0.15625 0.12740384615384615
3 0.24519230769230768 0.19471153846153846 0.18990384615384615 0.12980769230769232
3 0.08653846153846154 0.18269230769230768 0.1346153846153846 0.10817307692307693