2 0.7091346153846154 0.7764423076923077 0.23798076923076922 0.23317307692307693
2 0.7475961538461539 0.47115384615384615 0.13942307692307693 0.14423076923076922
2 0.6838942307692307 0.4543269230769231 0.1466346153846154 0.14903846153846154
2 0.7860576923076923 0.5432692307692307 0.20432692307692307 0.21634615384615385
2 0.8401442307692307 0.5829326923076923 0.22355769230769232 0.23798076923076922
2 0.7139423076923077 0.4110576923076923 0.22115384615384615 0.21153846153846154
2 0.3269230769230769 0.22355769230769232 0.09134615384615384 0.09134615384615384
2 0.41346153846153844 0.22235576923076922 0.15865384615384615 0.16105769230769232
2 0.36177884615384615 0.17427884615384615 0.23557692307692307 0.2403846153846154
2 0.234375 0.65625 0.16826923076923078 0.15865384615384615
2 0.15384615384615385 0.5997596153846154 0.2644230769230769 0.24759615384615385