0 0.5324519230769231 0.43509615384615385 0.18990384615384615 0.2764423076923077
0 0.41466346153846156 0.5612980769230769 0.2932692307692308 0.2644230769230769
0 0.18870192307692307 0.5552884615384616 0.2091346153846154 0.30528846153846156
1 0.8401442307692307 0.8978365384615384 0.06490384615384616 0.08653846153846154
1 0.8209134615384616 0.8197115384615384 0.08413461538461539 0.1346153846153846
1 0.8293269230769231 0.6418269230769231 0.0889423076923077 0.15865384615384615
1 0.8449519230769231 0.5 0.1201923076923077 0.1971153846153846
1 0.7692307692307693 0.35336538461538464 0.1346153846153846 0.1466346153846154
1 0.3629807692307692 0.40384615384615385 0.11778846153846154 0.1778846153846154
0 0.7728365384615384 0.5528846153846154 0.08653846153846154 0.14182692307692307
0 0.6586538461538461 0.46875 0.1971153846153846 0.24278846153846154
0 0.054086538461538464 0.29927884615384615 0.10817307692307693 0.34375
0 0.6971153846153846 0.8990384615384616 0.21875 0.16826923076923078
0 0.6237980769230769 0.6935096153846154 0.21394230769230768 0.2956730769230769
0 0.31009615384615385 0.7632211538461539 0.2860576923076923 0.31971153846153844
0 0.2403846153846154 0.9242788461538461 0.16826923076923078 0.15144230769230768
0 0.18028846153846154 0.8798076923076923 0.18269230769230768 0.2403846153846154
0 0.3329326923076923 0.5697115384615384 0.1466346153846154 0.35096153846153844
1 0.47475961538461536 0.6634615384615384 0.11538461538461539 0.125
0 0.4074519230769231 0.3786057692307692 0.14903846153846154 0.27403846153846156
0 0.4230769230769231 0.18269230769230768 0.21875 0.16826923076923078
0 0.7271634615384616 0.21514423076923078 0.22115384615384615 0.3918269230769231
0 0.609375 0.35336538461538464 0.21153846153846154 0.21634615384615385
1 0.5528846153846154 0.18269230769230768 0.12980769230769232 0.22596153846153846
0 0.13341346153846154 0.42427884615384615 0.15384615384615385 0.3125
1 0.29086538461538464 0.8653846153846154 0.10576923076923077 0.10817307692307693