2 0.28125 0.23197115384615385 0.23798076923076922 0.23076923076923078
2 0.2536057692307692 0.5372596153846154 0.13942307692307693 0.14423076923076922
2 0.3173076923076923 0.5516826923076923 0.1466346153846154 0.14903846153846154
2 0.2127403846153846 0.46634615384615385 0.20192307692307693 0.21634615384615385
2 0.15625 0.42908653846153844 0.22115384615384615 0.2403846153846154
2 0.28846153846153844 0.5961538461538461 0.22115384615384615 0.20673076923076922
2 0.6826923076923077 0.7704326923076923 0.09134615384615384 0.09134615384615384
2 0.5961538461538461 0.7740384615384616 0.15625 0.16105769230769232
2 0.6490384615384616 0.8197115384615384 0.23317307692307693 0.2403846153846154
2 0.7608173076923077 0.33533653846153844 0.16826923076923078 0.15625
2 0.8425480769230769 0.38822115384615385 0.2668269230769231 0.24278846153846154